{
  "profile": "normal_car",
  "travelTimes": [
    0, 300, 400, 350, 500, 450, 550, 380, 420,
    300, 0, 200, 250, 350, 300, 400, 180, 220,
    400, 200, 0, 300, 250, 200, 300, 280, 320,
    350, 250, 300, 0, 400, 350, 450, 270, 310,
    500, 350, 250, 400, 0, 250, 200, 370, 290,
    450, 300, 200, 350, 250, 0, 300, 320, 260,
    550, 400, 300, 450, 200, 300, 0, 420, 340,
    380, 180, 280, 270, 370, 320, 420, 0, 150,
    420, 220, 320, 310, 290, 260, 340, 150, 0
  ],
  "distances": [
    0, 3000, 4000, 3500, 5000, 4500, 5500, 3800, 4200,
    3000, 0, 2000, 2500, 3500, 3000, 4000, 1800, 2200,
    4000, 2000, 0, 3000, 2500, 2000, 3000, 2800, 3200,
    3500, 2500, 3000, 0, 4000, 3500, 4500, 2700, 3100,
    5000, 3500, 2500, 4000, 0, 2500, 2000, 3700, 2900,
    4500, 3000, 2000, 3500, 2500, 0, 3000, 3200, 2600,
    5500, 4000, 3000, 4500, 2000, 3000, 0, 4200, 3400,
    3800, 1800, 2800, 2700, 3700, 3200, 4200, 0, 1500,
    4200, 2200, 3200, 3100, 2900, 2600, 3400, 1500, 0
  ]
}
